Samples	N0	N1	N2	N3	N4	N5	N6	N7	N8
PD44887_10_branch_snp	0.044367747368421	0.333575157894737	0.158650610526316	0.435958905263158	0.00952008421052631	0.0136201263157895	0.00406063157894737	1.67578947368421e-05	0.000229978947368421
PD44887_11_branch_snp	0.00573692631578947	0.411384084210526	0.178108547368421	0.374979789473684	0.00841903157894737	0.000800589473684211	0.0199230315789474	1.10315789473684e-05	0.000636968421052632
PD44887_12_branch_snp	0.0205322105263158	0.309616505263158	0.1545584	0.487837136842105	0.00783882105263158	0.00616463157894737	0.0133129263157895	1.76842105263158e-05	0.000121684210526316
PD44887_13_branch_snp	0.0160042105263158	0.379339957894737	0.135572631578947	0.452644042105263	0.00284202105263158	0.00185583157894737	0.0115996631578947	7.41052631578947e-06	0.000134231578947368
PD44887_14_branch_snp	0.0133156210526316	0.333760168421053	0.182173642105263	0.459595284210526	0.00285692631578947	0.00191604210526316	0.00629103157894737	3.62105263157895e-06	8.76631578947368e-05
PD44887_15_branch_snp	0.0139085473684211	0.264354021052632	0.199300378947368	0.504357978947368	0.00410644210526316	0.00158736842105263	0.0122725052631579	5.05263157894737e-06	0.000107705263157895
PD44887_16_branch_snp	0.0125425684210526	0.413837978947368	0.161030736842105	0.389914189473684	0.0134467368421053	0.00304429473684211	0.00589145263157895	4e-05	0.000252042105263158
PD44887_17_branch_snp	0.011461703038083	0.393982884039367	0.106272143774069	0.455111681643132	0.0184527171587505	0.00180744544287548	0.0126350021394951	0.000113821138211382	0.00016260162601626
PD44887_18_branch_snp	0.0116782296650718	0.387281100478469	0.118239234449761	0.459904306220096	0.00889952153110048	0.000746411483253589	0.0130167464114833	1.55502392344498e-05	0.0002188995215311
PD44887_19_branch_snp	0.00618069764575373	0.336319980278565	0.258053494391717	0.361824725748798	0.0218922716627635	0.00240749414519906	0.0131818069764575	1.6270183655861e-05	0.000123258967089856
PD44887_1_branch_snp	0.0405139368421053	0.303692547368421	0.177782905263158	0.438602610526316	0.00441658947368421	0.01596	0.0188882526315789	1.22947368421053e-05	0.000130863157894737
PD44887_20_branch_snp	0.00827511578947368	0.583909978947368	0.121726063157895	0.207541557894737	0.0651355789473684	0.000498610526315789	0.00569608421052632	1.47368421052632e-05	0.00720227368421053
PD44887_21_branch_snp	0.0227281129653402	0.611445870774497	0.126508258451006	0.165165425759521	0.0660404792468977	0.00129893025246042	0.00249644843816859	1.58322635857938e-05	0.00430064184852375
PD44887_22_branch_snp	0.00918753684210526	0.582150905263158	0.198408505263158	0.154403536842105	0.0328595368421053	0.000522357894736842	0.00873482105263158	1.28842105263158e-05	0.0137199157894737
PD44887_23_branch_snp	0.0169568	0.281375578947368	0.172832421052632	0.507609936842105	0.00368597894736842	0.00372909473684211	0.0136025263157895	2.39157894736842e-05	0.000183747368421053
PD44887_24_branch_snp	0.0123342315789474	0.278698021052632	0.175990736842105	0.5236768	0.0016016	0.00309776842105263	0.00453397894736842	3.03157894736842e-06	6.38315789473684e-05
PD44887_25_branch_snp	0.0419946105263158	0.317953094736842	0.154113347368421	0.459551326315789	0.002792	0.00551856842105263	0.0178130526315789	1.11157894736842e-05	0.000252884210526316
PD44887_26_branch_snp	0.0157166315789474	0.337420631578947	0.147539452631579	0.458483536842105	0.00470366315789474	0.00236589473684211	0.0335552	1.12e-05	0.000203789473684211
PD44887_27_branch_snp	0.0122378947368421	0.309058273684211	0.170105515789474	0.497979452631579	0.00160875789473684	0.00260446315789474	0.00612833684210526	4.03368421052632e-05	0.000236968421052632
PD44887_28_branch_snp	0.0401102315789474	0.276531536842105	0.153057178947368	0.478582989473684	0.0149684210526316	0.0231930947368421	0.0130378947368421	2.84631578947368e-05	0.00049018947368421
PD44887_29_branch_snp	0.0166154947368421	0.339040926315789	0.199348210526316	0.399277305263158	0.0119274947368421	0.00366315789473684	0.0299632842105263	1.57473684210526e-05	0.000148378947368421
PD44887_2_branch_snp	0.0242933867735471	0.283667967513975	0.179743908870372	0.483261174981542	0.00923235945575361	0.00920856449741589	0.00968210104419365	2.3626199767957e-06	0.000908174243223289
PD44887_30_branch_snp	0.0204144842105263	0.272248926315789	0.208879326315789	0.427680252631579	0.00250282105263158	0.00593456842105263	0.0621788631578947	6.56842105263158e-06	0.000154189473684211
PD44887_31_branch_snp	0.0238403368421053	0.337810105263158	0.132845557894737	0.477188631578947	0.0050848	0.00282450526315789	0.0203025684210526	1.47368421052632e-05	8.87578947368421e-05
PD44887_32_branch_snp	0.0341689263157895	0.308342147368421	0.179620294736842	0.433816252631579	0.0131133473684211	0.0137288421052632	0.0171370105263158	9.85263157894737e-06	6.33263157894737e-05
PD44887_3_branch_snp	0.0563145263157895	0.234791410526316	0.2023152	0.445847831578947	0.00382711578947368	0.0250896842105263	0.0317184842105263	8.08421052631579e-06	8.76631578947368e-05
PD44887_40_branch_snp	0.00995429362880886	0.298057479224377	0.284506232686981	0.377222299168975	0.0105775623268698	0.00206717451523546	0.0159182825484765	3.04709141274238e-05	0.00166620498614958
PD44887_47_branch_snp	0.0131201588877855	0.338658060244952	0.165159218801721	0.461091029460444	0.00691360476663357	0.00316716319099636	0.0104673949023502	2.05230056272757e-05	0.00140284673949024
PD44887_4_branch_snp	0.0610243368421053	0.257855915789474	0.100058357894737	0.547717894736842	0.00632058947368421	0.0212821052631579	0.00544909473684211	1.94526315789474e-05	0.000272252631578947
PD44887_51_branch_snp	0.00556751137102014	0.403798310591293	0.146381806367771	0.386584275503574	0.00819051332033788	0.00070227420402859	0.0486443144899285	1.03963612735543e-05	0.000120597790773229
PD44887_53_branch_snp	0.0435962947368421	0.476895157894737	0.143922863157895	0.251851705263158	0.0412275368421053	0.0038464	0.0346211368421053	1.46526315789474e-05	0.00402425263157895
PD44887_54_branch_snp	0.0122717703349282	0.537228708133971	0.107514385964912	0.249499202551834	0.0861318022328549	0.00126570972886762	0.00512535885167464	2.67942583732057e-05	0.000936267942583732
PD44887_55_branch_snp	0.00872707368421053	0.602282778947368	0.1350112	0.1939696	0.0500096	0.00156092631578947	0.00839368421052632	1.47368421052632e-05	3.04e-05
PD44887_56_branch_snp	0.0206062624916722	0.36928580946036	0.142439706862092	0.450782145236509	0.00777015323117921	0.00245969353764157	0.00641905396402398	3.99733510992672e-05	0.000197201865423051
PD44887_57_branch_snp	0.0120775578947368	0.665676884210526	0.143179284210526	0.160413305263158	0.00735696842105263	0.000811957894736842	0.00459031578947368	4.46315789473684e-06	0.00588926315789474
PD44887_5_branch_snp	0.00825928421052632	0.341899621052632	0.137749557894737	0.502961515789474	0.0020272	0.00111882105263158	0.00592757894736842	6.06315789473684e-06	5.03578947368421e-05
PD44887_63_branch_snp	0.00985505958990303	0.324978310755792	0.182862684136502	0.459278110889037	0.00598889629136131	0.00163357761492338	0.0152644903397735	9.77126360204308e-06	0.000129099119105781
PD44887_6_branch_snp	0.0190730947368421	0.299630736842105	0.158825768421053	0.503016757894737	0.00935915789473684	0.00626231578947368	0.00346071578947368	1.80210526315789e-05	0.000353431578947368
PD44887_7_branch_snp	0.00402829473684211	0.473714610526316	0.157154357894737	0.305731536842105	0.0243794526315789	0.000552421052631579	0.0333089684210526	6.65263157894737e-06	0.00112370526315789
PD44887_8_branch_snp	0.0149862736842105	0.410106694736842	0.183175663157895	0.375487578947368	0.0104271157894737	0.00177372631578947	0.00388715789473684	7.32631578947368e-06	0.000148463157894737
PD44887_9_branch_snp	0.00530854736842105	0.387874021052632	0.191048	0.401712673684211	0.00373886315789474	0.000973557894736842	0.00923873684210526	5.97894736842105e-06	9.96210526315789e-05
PD44888_10_branch_snp	0.00114117068371864	0.71080767338908	0.0165189375307427	0.116784554845057	0.0596915887850467	0.00666010821446139	0.0881342843089031	9.05066404328578e-05	0.000171175602557796
PD44888_11_branch_snp	0.00173226544622426	0.683282608695652	0.0108180778032037	0.195704805491991	0.0421578947368421	0.00509382151029748	0.0611247139588101	2.40274599542334e-05	6.17848970251716e-05
PD44888_12_branch_snp	0.00134510922229298	0.828171322572607	0.00834087322461862	0.0989965392175863	0.0284681192724051	0.00265311885711122	0.0319077493839807	0.000108087156344306	9.08109305351754e-06
PD44888_13_branch_snp	0.000120252631578947	0.812306694736842	0.0285408	0.145063578947368	0.00224437894736842	0.000929684210526316	0.0107911578947368	2.77894736842105e-06	6.73684210526316e-07
PD44888_14_branch_snp	0.000199915789473684	0.778383578947368	0.00761515789473684	0.197671242105263	0.00217987368421053	0.00206534736842105	0.0118738526315789	1.01052631578947e-05	9.26315789473684e-07
PD44888_15_branch_snp	0.000383073684210526	0.780698357894737	0.00283654736842105	0.197736589473684	0.00379848421052632	0.00411503157894737	0.0104224	8.42105263157895e-06	1.09473684210526e-06
PD44888_16_branch_snp	0.00144690526315789	0.714126736842105	0.00645002105263158	0.217686231578947	0.00134164210526316	0.0516467368421053	0.00729717894736842	3.70526315789474e-06	8.42105263157895e-07
PD44888_17_branch_snp	0.000264084210526316	0.728984	0.0205565473684211	0.206462484210526	0.00217288421052632	0.0380788210526316	0.00346282105263158	1.69263157894737e-05	1.43157894736842e-06
PD44888_18_branch_snp	0.000453726315789474	0.705278484210526	0.00500042105263158	0.2760992	0.00199107368421053	0.00435073684210526	0.00671966315789474	0.000106021052631579	6.73684210526316e-07
PD44888_19_branch_snp	0.00146753684210526	0.673767747368421	0.0629189052631579	0.206312673684211	0.00383957894736842	0.0333561263157895	0.0183203368421053	4.37894736842105e-06	1.27157894736842e-05
PD44888_1_branch_snp	0.00188968421052632	0.740999915789474	0.00526433684210526	0.191478905263158	0.00310383157894737	0.0510184421052632	0.00623334736842105	1.07789473684211e-05	7.57894736842105e-07
PD44888_20_branch_snp	0.00228251904662054	0.798046830222968	0.00582288390298455	0.118836094219613	0.0193460543789753	0.0114472635772699	0.0441350387921996	7.32508562242259e-05	1.00650031453135e-05
PD44888_21_branch_snp	0.000787516080317691	0.771001286425415	0.00579227026120029	0.199635102634376	0.00677263829073214	0.00449890933497399	0.0114807315845405	1.85692712120365e-05	1.29761172325074e-05
PD44888_22_branch_snp	0.00320589473684211	0.786907031578947	0.00486088421052632	0.133415157894737	0.0331477894736842	0.00251082105263158	0.0359224421052632	2.61052631578947e-05	3.87368421052632e-06
PD44888_23_branch_snp	0.0004592	0.7920096	0.00211578947368421	0.168767831578947	0.00156631578947368	0.0113244631578947	0.0237362526315789	1.99578947368421e-05	5.89473684210526e-07
PD44888_24_branch_snp	0.000468631578947368	0.700209768421053	0.00224816842105263	0.249956210526316	0.00172126315789474	0.0354496842105263	0.00993532631578947	1.02736842105263e-05	6.73684210526316e-07
PD44888_25_branch_snp	0.000591831578947368	0.808430231578947	0.00268867368421053	0.169163536842105	0.00310248421052632	0.00328446315789474	0.0127277473684211	8.25263157894737e-06	2.77894736842105e-06
PD44888_2_branch_snp	0.00201675789473684	0.701263747368421	0.00298054736842105	0.257502315789474	0.00241229473684211	0.0269920842105263	0.00681498947368421	1.26315789473684e-05	4.63157894736842e-06
PD44888_31_branch_snp	0.000487663157894737	0.713444210526316	0.0307813894736842	0.219284968421053	0.0193933473684211	0.00260463157894737	0.0139330526315789	6.66105263157895e-05	4.12631578947368e-06
PD44888_34_branch_snp	0.00437271578947368	0.787328336842105	0.0199201684210526	0.139684631578947	0.00983402105263158	0.0191492210526316	0.0196400842105263	6.73684210526316e-05	3.45263157894737e-06
PD44888_35_branch_snp	0.000628018248581284	0.938778680316012	0.00597351730277067	0.02639724045844	0.0186144430844553	0.00228151774785802	0.00729542672749527	2.67052409035273e-05	4.45087348392122e-06
PD44888_36_branch_snp	0.00120530526315789	0.837594189473684	0.00376522105263158	0.0639407157894737	0.070491452631579	0.002464	0.0204662736842105	5.86947368421053e-05	1.41473684210526e-05
PD44888_37_branch_snp	0.00287452631578947	0.892234021052632	0.0155266526315789	0.0420641684210526	0.0350991157894737	0.00673002105263158	0.00545818947368421	1.20421052631579e-05	1.26315789473684e-06
PD44888_38_branch_snp	0.000527073684210526	0.918699284210526	0.0121747368421053	0.0287769263157895	0.0305999157894737	0.00232075789473684	0.00688016842105263	1.95368421052632e-05	1.6e-06
PD44888_39_branch_snp	0.00131774378327381	0.758703686232226	0.00174000943459802	0.0989527596199205	0.0601059370577532	0.00313929510074803	0.0759712918660287	1.38823370847092e-05	5.53945683671406e-05
PD44888_3_branch_snp	0.00830913684210526	0.697989642105263	0.00217372631578947	0.2480608	0.00605448421052632	0.0213674947368421	0.0160190315789474	2.20631578947368e-05	3.62105263157895e-06
PD44888_40_branch_snp	0.00119524617996604	0.534297113752122	0.0117181663837012	0.194393887945671	0.00518166383701188	0.00469949066213922	0.248478777589134	3.2258064516129e-05	3.3955857385399e-06
PD44888_45_branch_snp	0.00058501052631579	0.706866357894737	0.00401271578947368	0.261949052631579	0.00699621052631579	0.00243629473684211	0.0171417263157895	7.66315789473684e-06	4.96842105263158e-06
PD44888_46_branch_snp	0.000445221052631579	0.813080421052632	0.0117551157894737	0.133855410526316	0.0117334736842105	0.00185541052631579	0.0272648421052632	7.1578947368421e-06	2.94736842105263e-06
PD44888_47_branch_snp	0.000387783840873086	0.889580707621898	0.00431473332159831	0.0857345537757437	0.00336806900193628	0.00408959690195388	0.0125034324942792	1.97148389368069e-05	1.40820278120049e-06
PD44888_49_branch_snp	0.000697649973721751	0.62831263608379	0.00404790149410616	0.299481642765973	0.00314483069299497	0.00259373826863879	0.0617035813499512	1.53164652000901e-05	2.70290562354531e-06
PD44888_4_branch_snp	0.00443461052631579	0.667674189473684	0.004832	0.280438821052632	0.00518357894736842	0.0258259368421053	0.0115824	2.52631578947368e-05	3.2e-06
PD44888_5_branch_snp	0.0127988210526316	0.694883621052632	0.0050912	0.234872084210526	0.00350349473684211	0.0223513263157895	0.0264676210526316	2.60210526315789e-05	5.81052631578947e-06
PD44888_6_branch_snp	0.00272059342988343	0.700609678558813	0.00693182620981985	0.178204168138467	0.091541504768633	0.00896714941716708	0.0109735075944896	5.08654185800071e-05	7.06464146944543e-07
PD44888_7_branch_snp	0.0290752753977968	0.687147490820073	0.00441309669522644	0.188063035495716	0.0355771113831089	0.0234632802937576	0.0321689106487148	8.62913096695226e-05	5.50795593635251e-06
PD44888_8_branch_snp	0.00231501902056147	0.797517022198681	0.0258130688110945	0.0738928107092984	0.0239189098088313	0.00423065440362113	0.0722934463331247	1.46386093321135e-05	4.43010545577118e-06
PD44888_9_branch_snp	0.00313785263157895	0.759091284210526	0.0086218947368421	0.128414484210526	0.0600454736842105	0.00437061052631579	0.0358047157894737	7.57894736842105e-06	0.000506105263157895
PD44889_10_branch_snp	0.00075187969924812	0.736790347962931	0.0180059450952964	0.207571953138661	0.00270326980241301	0.000788949116978493	0.0312586116453926	0.00212904353908026	0
PD44889_11_branch_snp	0.0055344	0.65399612631579	0.0124525473684211	0.291616673684211	0.00202214736842105	0.00307553684210526	0.0302375578947368	0.00106341052631579	1.6e-06
PD44889_12_branch_snp	0.000712505263157895	0.691580294736842	0.00434492631578947	0.281567242105263	0.000667957894736842	0.000493642105263158	0.0200565894736842	0.000576842105263158	0
PD44889_13_branch_snp	0.00290282105263158	0.727471663157895	0.00295191578947368	0.247721768421053	0.00268042105263158	0.00112067368421053	0.0105385263157895	0.00460976842105263	2.44210526315789e-06
PD44889_14_branch_snp	0.0016464	0.738645052631579	0.00566677894736842	0.222442105263158	0.00127435789473684	0.00163267368421053	0.0278680421052632	0.000823747368421053	8.42105263157895e-07
PD44889_15_branch_snp	0.000757894736842105	0.728881936842105	0.0120378947368421	0.227645473684211	0.00158745263157895	0.000870568421052632	0.0275270736842105	0.000690021052631579	1.68421052631579e-06
PD44889_16_branch_snp	0.00138290526315789	0.758966821052632	0.00428193684210526	0.206195789473684	0.00210913684210526	0.00101827368421053	0.0256870736842105	0.000356715789473684	1.34736842105263e-06
PD44889_17_branch_snp	0.0005408	0.738320673684211	0.0063072	0.2304368	0.000806063157894737	0.000530610526315789	0.0223185684210526	0.0007392	8.42105263157895e-08
PD44889_18_branch_snp	0.00144926315789474	0.741029978947368	0.00353271578947368	0.214667536842105	0.000720842105263158	0.00112345263157895	0.0351901473684211	0.00228581052631579	2.52631578947368e-07
PD44889_19_branch_snp	0.000649936842105263	0.710247410526316	0.0166859789473684	0.253214568421053	0.00160084210526316	0.000671578947368421	0.0165350736842105	0.000394021052631579	5.89473684210526e-07
PD44889_1_branch_snp	0.0012666253869969	0.754012631578947	0.00641386996904025	0.183358513931889	0.0126806191950464	0.000713808049535604	0.0398251393188854	0.00172334365325077	5.44891640866873e-06
PD44889_20_branch_snp	0.00735764210526316	0.726863242105263	0.00422509473684211	0.224726063157895	0.00156016842105263	0.00581313684210526	0.0285205894736842	0.000933557894736842	5.05263157894737e-07
PD44889_21_branch_snp	0.0003488	0.725190905263158	0.011176	0.246983831578947	0.000680505263157895	0.000165052631578947	0.0152144842105263	0.000240084210526316	3.36842105263158e-07
PD44889_22_branch_snp	0.00145254736842105	0.703048757894737	0.00579562105263158	0.249301557894737	0.00620126315789474	0.00315309473684211	0.0222463157894737	0.00879974736842105	1.09473684210526e-06
PD44889_23_branch_snp	0.000912421052631579	0.689472757894737	0.0104401684210526	0.286618694736842	0.000999073684210526	0.00181827368421053	0.00908690526315789	0.000651031578947368	6.73684210526316e-07
PD44889_24_branch_snp	0.000422821052631579	0.748232	0.00589827368421053	0.217144842105263	0.00115284210526316	0.000288505263157895	0.0257658947368421	0.00109397894736842	8.42105263157895e-07
PD44889_25_branch_snp	0.000428378947368421	0.716679915789474	0.0285270736842105	0.233824252631579	0.000831242105263158	0.000389978947368421	0.0191536	0.000164968421052632	5.89473684210526e-07
PD44889_26_branch_snp	0.0115163789473684	0.741052884210526	0.00441103157894737	0.199743831578947	0.0153984842105263	0.00861103157894737	0.0189205052631579	0.000345178947368421	6.73684210526316e-07
PD44889_27_branch_snp	0.00434467564259486	0.663893268053856	0.00900269277845777	0.244060709914321	0.00608078335373317	0.00287197062423501	0.0651613219094247	0.00458261933904529	1.95838433292534e-06
PD44889_28_branch_snp	0.016936760505916	0.589352917176663	0.00771929824561403	0.266580171358629	0.0171374949000408	0.00347613219094247	0.0957666258669931	0.00302896776825785	1.63198694410445e-06
PD44889_29_branch_snp	0.000679578947368421	0.710381305263158	0.00338037894736842	0.224294315789474	0.00122661052631579	0.00693414736842105	0.0458287157894737	0.0072736	1.34736842105263e-06
PD44889_2_branch_snp	0.00301976399044378	0.732741909795121	0.00578846014623905	0.216830232389778	0.00730500253384493	0.000831390718888004	0.0329020487946138	0.000579743719684355	1.44791138782307e-06
PD44889_30_branch_snp	0.00274266646443197	0.699773820718944	0.00236529652661914	0.242475838010011	0.00993975428484757	0.000349825572576976	0.0381942059760352	0.0041578644016381	7.28044896101926e-07
PD44889_32_branch_snp	0.00193316624895572	0.749968253968254	0.00897577276524645	0.199899749373434	0.00574770258980785	0.00101921470342523	0.0315054302422723	0.000939014202172097	1.16959064327485e-05
PD44889_33_branch_snp	0.0002096	0.766831578947368	0.00428581052631579	0.195394442105263	0.000640505263157895	0.000171031578947368	0.0321050947368421	0.000361852631578947	8.42105263157895e-08
PD44889_38_branch_snp	0.000549052631578947	0.792528084210526	0.0215979789473684	0.154702736842105	0.00189423157894737	0.00159722105263158	0.0259769263157895	0.0011536	1.68421052631579e-07
PD44889_39_branch_snp	0.0100710736842105	0.755063747368421	0.0081658947368421	0.175769684210526	0.0130409263157895	0.00243233684210526	0.033586947368421	0.00186854736842105	8.42105263157895e-07
PD44889_3_branch_snp	0.00301159678858162	0.722863676911848	0.00824491119941611	0.193547644148893	0.021848998459168	0.000670505230719325	0.0458246695320736	0.00397826615846241	9.73157083772606e-06
PD44889_40_branch_snp	0.00248318790640805	0.592762518757294	0.00272950591896849	0.277476351914633	0.0551065414327794	0.00083899294169955	0.0661061523925971	0.00249230256210749	4.4461735119213e-06
PD44889_41_branch_snp	0.000663742690058479	0.695328216374269	0.00490570175438596	0.189655701754386	0.00275877192982456	0.000702485380116959	0.105318713450292	0.00066593567251462	7.30994152046784e-07
PD44889_44_branch_snp	0.00181020733652313	0.66250956937799	0.00481738437001595	0.189644338118022	0.0160701754385965	0.000789473684210526	0.121971291866029	0.00236443381180223	2.31259968102073e-05
PD44889_45_branch_snp	0.000826326450833363	0.654073136927396	0.00295902484096805	0.246421550161697	0.0158385159387327	0.000451757347453712	0.0784063399552223	0.00101951028821209	3.83808948434557e-06
PD44889_49_branch_snp	0.000600914049830458	0.571328910511573	0.00822291021671827	0.335505823381984	0.0026796402771635	0.000533097449506118	0.0502792274804659	0.0308482972136223	1.17941913607548e-06
PD44889_4_branch_snp	0.00117644897584275	0.738274272067604	0.00742904381372279	0.166079177000092	0.00412565445026178	0.000434279415817029	0.0777360154312483	0.0047443740240654	7.34821346560118e-07
PD44889_50_branch_snp	0.000324108142697168	0.731795872660374	0.0493543433050712	0.193917133258679	0.00123980163173892	0.000477683570628699	0.02245976643737	0.000429051351783715	2.23964165733483e-06
PD44889_54_branch_snp	0.00225502781343603	0.66321865639709	0.0205887890457852	0.269472828412495	0.00498074454428755	0.00201283697047497	0.0209199828840394	0.0165451433461703	5.99058622165169e-06
PD44889_55_branch_snp	0.00226108578532947	0.582715292167426	0.0118698715292167	0.29750849564857	0.00394861168669706	0.00129382511396602	0.0612424368006631	0.039159552424368	8.28843762950684e-07
PD44889_58_branch_snp	0.00117118037812979	0.561081246806336	0.0132243229432805	0.22856821665815	0.00144915687276444	0.000727644353602453	0.192652018395503	0.00112621359223301	0
PD44889_59_branch_snp	0.00110301394511921	0.588164642375169	0.00684300494826811	0.370826810616284	0.00306072874493927	0.000682860998650472	0.0254844804318489	0.00383265856950067	1.79937022042285e-06
PD44889_60_branch_snp	0.00172343727952589	0.734111189501905	0.00634118809087061	0.187295611683364	0.00188090870608156	0.00163567094680401	0.0238837307746578	0.0431282630167913	0
PD44889_61_branch_snp	0.00171722105263158	0.753017684210526	0.0307547789473684	0.192384421052632	0.00519309473684211	0.000349052631578947	0.0155400421052632	0.00103915789473684	4.54736842105263e-06
PD44889_63_branch_snp	0.000912926315789474	0.749074105263158	0.0236738526315789	0.174555284210526	0.00331233684210526	0.000282442105263158	0.0467915789473684	0.00139713684210526	3.36842105263158e-07
PD44889_64_branch_snp	0.000921151637558908	0.782408142251792	0.00464678626589046	0.169964753871134	0.0116754187952952	0.000713635103560255	0.0278388974694072	0.00181442319116075	1.67914142014178e-05
PD44889_65_branch_snp	0.0017955758962624	0.744429661109295	0.00305753514220333	0.194291380625477	0.00696567505720824	0.00284057971014493	0.0429294976571864	0.0036890051214994	1.089680723548e-06
PD44889_6_branch_snp	0.00064501679731243	0.71523673012318	0.00778947368421053	0.159614781634938	0.00279148936170213	0.000443449048152296	0.11238790593505	0.00108846584546473	2.68756998880179e-06
PD44889_7_branch_snp	0.00134540432714439	0.7033653521559	0.0219812797299371	0.101502531839804	0.0476446217584778	0.00072119073193187	0.121373024397729	0.00206045726561301	6.13779346324996e-06
PD44889_8_branch_snp	0.00238286264441592	0.684661103979461	0.00552695763799743	0.158877406931964	0.00767875481386393	0.00115500641848524	0.138688703465982	0.00102406931964056	5.13478818998716e-06
PD44889_9_branch_snp	0.0012873399715505	0.738456614509246	0.0037230915125652	0.159784257942153	0.00685917496443812	0.00111948790896159	0.0869302987197724	0.00183641536273115	3.31910858226648e-06
PD44890_10_branch_snp	1.91157894736842e-05	0.00327098947368421	0.967082189473684	5.52421052631579e-05	0.000169684210526316	6.73684210526316e-06	0.000193684210526316	0.0292021894736842	1.68421052631579e-07
PD44890_11_branch_snp	3.86526315789474e-05	0.00565793684210526	0.967791915789474	0.000246568421052632	0.000576421052631579	1.59157894736842e-05	0.001208	0.0244645894736842	0
PD44890_12_branch_snp	2.45894736842105e-05	0.0178930526315789	0.931168589473684	0.00116042105263158	0.000546357894736842	1.06105263157895e-05	0.00192901052631579	0.0472673684210526	0
PD44890_13_branch_snp	6.88842105263158e-05	0.00644286315789474	0.989738105263158	0.000262315789473684	0.000699536842105263	2.05473684210526e-05	0.00200749473684211	0.000760084210526316	1.68421052631579e-07
PD44890_14_branch_snp	2.76210526315789e-05	0.0395058526315789	0.959041936842105	3.81473684210526e-05	0.000865347368421053	6.98947368421053e-06	0.000345347368421053	0.000167157894736842	1.6e-06
PD44890_15_branch_snp	4.24421052631579e-05	0.0157025684210526	0.957687073684211	0.000414484210526316	0.00080741052631579	3.19157894736842e-05	0.00211343157894737	0.0232001684210526	5.05263157894737e-07
PD44890_16_branch_snp	3.14947368421053e-05	0.00483738947368421	0.969959242105263	8.14315789473684e-05	0.000248084210526316	2.41684210526316e-05	0.000540884210526316	0.0242773052631579	0
PD44890_17_branch_snp	0.0484809263157895	0.139461389473684	0.602794863157895	0.000179873684210526	0.187867368421053	0.00912951578947368	0.00739536842105263	0.00469010526315789	5.89473684210526e-07
PD44890_18_branch_snp	0.0601660631578947	0.181395705263158	0.611053978947368	0.000218863157894737	0.122374315789474	0.0061637052631579	0.0175942736842105	0.00100547368421053	2.76210526315789e-05
PD44890_19_branch_snp	6.5178947368421e-05	0.144787705263158	0.760068294736842	0.000881515789473684	0.0544787368421053	4.48e-05	0.0384847157894737	0.00118871578947368	3.36842105263158e-07
PD44890_1_branch_snp	0.000228042105263158	0.0602028631578947	0.896988968421053	0.000334736842105263	0.000497936842105263	4.69894736842105e-05	0.00158223157894737	0.0401182315789474	0
PD44890_20_branch_snp	0.000144252631578947	0.197787957894737	0.677754863157895	0.000303831578947368	0.117079494736842	3.04842105263158e-05	0.00656581052631579	0.000328757894736842	4.54736842105263e-06
PD44890_21_branch_snp	0.000139621052631579	0.218985936842105	0.691138526315789	0.000202863157894737	0.0848309894736842	9.94526315789474e-05	0.00364673684210526	0.000955873684210526	0
PD44890_22_branch_snp	0.000263663157894737	0.0102876631578947	0.972991915789474	0.00130349473684211	0.000377936842105263	0.000468884210526316	0.00473061052631579	0.00957583157894737	0
PD44890_23_branch_snp	3.47789473684211e-05	0.0105050947368421	0.961764378947368	0.000129936842105263	0.000327157894736842	1.41473684210526e-05	0.000730357894736842	0.0264939789473684	1.68421052631579e-07
PD44890_24_branch_snp	0.000105347368421053	0.0137310315789474	0.980730105263158	0.00231949473684211	0.000855915789473684	6.5178947368421e-05	0.00177263157894737	0.000420126315789474	1.68421052631579e-07
PD44890_25_branch_snp	0.000731115789473684	0.0236378947368421	0.971636126315789	0.00119410526315789	0.000882778947368421	0.000127326315789474	0.00149667368421053	0.000293894736842105	8.42105263157895e-08
PD44890_26_branch_snp	8.92631578947368e-05	0.0330971789473684	0.937073684210526	8.64e-05	0.000895242105263158	2.97263157894737e-05	0.000555368421052632	0.0281728842105263	2.52631578947368e-07
PD44890_27_branch_snp	7.98315789473684e-05	0.00532235789473684	0.968910905263158	0.000128757894736842	0.000254652631578947	2.92210526315789e-05	0.000623494736842105	0.0246507789473684	0
PD44890_28_branch_snp	4.36210526315789e-05	0.0225973052631579	0.951000757894737	0.00246307368421053	0.000256421052631579	0.000117305263157895	0.00624589473684211	0.0172754526315789	1.68421052631579e-07
PD44890_29_branch_snp	0.00170661052631579	0.003816	0.946717389473684	0.00126492631578947	0.00278972631578947	0.00220597894736842	0.00780429473684211	0.0336949894736842	8.42105263157895e-08
PD44890_2_branch_snp	0.000242442105263158	0.00588656842105263	0.968835284210526	0.00137541052631579	0.00122602105263158	5.41473684210526e-05	0.0194891789473684	0.00289094736842105	0
PD44890_30_branch_snp	5.06947368421053e-05	0.00837945263157895	0.983750736842105	0.00101296842105263	0.00114458947368421	6.29894736842105e-05	0.0043456	0.00125237894736842	5.89473684210526e-07
PD44890_31_branch_snp	3.2e-05	0.101072252631579	0.897802610526316	0.000113263157894737	0.000324463157894737	1.35578947368421e-05	0.000534231578947368	0.0001072	4.21052631578947e-07
PD44890_32_branch_snp	2.34105263157895e-05	0.00300976842105263	0.958565642105263	6.13052631578947e-05	0.000231915789473684	9.85263157894737e-06	0.00328496842105263	0.0348131368421053	0
PD44890_33_branch_snp	0.000157052631578947	0.00885145263157895	0.963849347368421	0.000532884210526316	0.000342905263157895	0.000298610526315789	0.00118181052631579	0.0247858526315789	8.42105263157895e-08
PD44890_34_branch_snp	0.000195789473684211	0.0131886315789474	0.934553852631579	0.000554526315789474	0.000451621052631579	0.000104673684210526	0.0113835789473684	0.0395668210526316	5.05263157894737e-07
PD44890_35_branch_snp	5.58315789473684e-05	0.0510123789473684	0.944967578947368	0.000152505263157895	0.00216547368421053	3.89052631578947e-05	0.00135873684210526	0.000248252631578947	3.36842105263158e-07
PD44890_36_branch_snp	8.25263157894737e-06	0.0120820210526316	0.987292884210526	3.4021052631579e-05	0.000123452631578947	2.94736842105263e-06	0.000279663157894737	0.000176589473684211	1.68421052631579e-07
PD44890_37_branch_snp	3.93263157894737e-05	0.0139899789473684	0.981868631578947	0.000163621052631579	0.000472926315789474	1.05263157894737e-05	0.00320336842105263	0.000251536842105263	8.42105263157895e-08
PD44890_38_branch_snp	3.87368421052632e-05	0.00395402105263158	0.962284631578947	7.59578947368421e-05	0.000845557894736842	2.58526315789474e-05	0.000792	0.0319814736842105	1.76842105263158e-06
PD44890_39_branch_snp	2.76210526315789e-05	0.0133759157894737	0.938454989473684	9.30526315789474e-05	0.000289263157894737	1.53263157894737e-05	0.000924884210526316	0.0468187789473684	1.68421052631579e-07
PD44890_3_branch_snp	0.000101557894736842	0.0237778526315789	0.97110787368421	0.000112842105263158	0.00234231578947368	1.32210526315789e-05	0.000741389473684211	0.00180286315789474	8.42105263157895e-08
PD44890_40_branch_snp	9.27157894736842e-05	0.00565818947368421	0.945106105263158	0.000100042105263158	0.00059738947368421	4.82526315789474e-05	0.000887915789473684	0.0475093052631579	8.42105263157895e-08
PD44890_41_branch_snp	1.31368421052632e-05	0.0105199157894737	0.988887831578947	4.22736842105263e-05	0.000122526315789474	2.35789473684211e-06	0.000305010526315789	0.000106947368421053	0
PD44890_42_branch_snp	3.95789473684211e-05	0.0200733473684211	0.979038315789474	4.76631578947368e-05	0.000312421052631579	6.23157894736842e-06	0.000331789473684211	0.000150652631578947	0
PD44890_43_branch_snp	3.16631578947368e-05	0.0135406315789474	0.943430315789474	0.000288673684210526	0.000245221052631579	2.62736842105263e-05	0.00144724210526316	0.0409899789473684	0
PD44890_44_branch_snp	3.25052631578947e-05	0.00289263157894737	0.9949504	9.13684210526316e-05	0.000145852631578947	2.46736842105263e-05	0.00144682105263158	0.000415747368421053	0
PD44890_45_branch_snp	0.000310063157894737	0.00791654736842105	0.986069810526316	0.000258105263157895	0.00203284210526316	0.000192252631578947	0.00261962105263158	0.000600757894736842	0
PD44890_46_branch_snp	1.30526315789474e-05	0.00499696842105263	0.978268968421053	6.80421052631579e-05	0.000522021052631579	3.36842105263158e-06	0.000420715789473684	0.0157066947368421	1.68421052631579e-07
PD44890_47_branch_snp	0.000132378947368421	0.221373557894737	0.760329768421053	0.000143157894736842	0.00320909473684211	1.48210526315789e-05	0.00294206315789474	0.0118550736842105	8.42105263157895e-08
PD44890_48_branch_snp	5.05263157894737e-05	0.0511285052631579	0.941789389473684	0.000244210526315789	0.000343663157894737	1.30526315789474e-05	0.00162821052631579	0.00480235789473684	8.42105263157895e-08
PD44890_49_branch_snp	7.02315789473684e-05	0.00479435789473684	0.969433347368421	0.000112168421052632	0.000395115789473684	2.86315789473684e-05	0.000819621052631579	0.0243464421052632	8.42105263157895e-08
PD44890_4_branch_snp	6.23157894736842e-05	0.00686989473684211	0.982962357894737	0.000830147368421053	0.000275284210526316	2.69473684210526e-05	0.0084912	0.000481768421052632	8.42105263157895e-08
PD44890_53_branch_snp	7.10108604845447e-05	0.0148713450292398	0.834482038429407	0.000805346700083542	0.000677527151211362	4.51127819548872e-05	0.148060985797828	0.000986633249791145	0
PD44890_55_branch_snp	5.01052631578947e-05	0.0507636210526316	0.895318231578947	0.000131536842105263	0.00529945263157895	9.01052631578947e-06	0.00129549473684211	0.0471319578947368	5.89473684210526e-07
PD44890_56_branch_snp	0.000154778947368421	0.00412530526315789	0.988687242105263	0.00176261052631579	0.000715705263157895	3.49473684210526e-05	0.00424362105263158	0.000275284210526316	5.05263157894737e-07
PD44890_58_branch_snp	0.00112681704260652	0.0257764411027569	0.827584962406015	0.00231779448621554	0.00314185463659148	0.00151979949874687	0.136459147869674	0.00207117794486216	2.00501253132832e-06
PD44890_59_branch_snp	8.28300258843831e-05	0.0199672131147541	0.755939603106126	0.0255323554788611	0.00115789473684211	1.03537532355479e-05	0.195081967213115	0.00222778257118205	0
PD44890_5_branch_snp	2.72e-05	0.0154553263157895	0.949721178947368	0.000113431578947368	0.000245136842105263	1.36421052631579e-05	0.00143082105263158	0.0329932631578947	0
PD44890_65_branch_snp	5.56313062448868e-05	0.0644286883010635	0.742079083719662	0.000479956367602945	0.00195800381783474	4.58140169075539e-05	0.188388328333788	0.00256449413689665	0
PD44890_67_branch_snp	2.95578947368421e-05	0.00554922105263158	0.931404631578947	5.89473684210526e-05	0.000126315789473684	9.26315789473684e-06	0.000619115789473684	0.0622029473684211	0
PD44890_69_branch_snp	6.97197539302803e-05	0.019177033492823	0.715835953520164	0.00283116883116883	0.00048257006151743	2.4606971975393e-05	0.260877648667122	0.000699931647300068	1.36705399863295e-06
PD44890_6_branch_snp	4.81684210526316e-05	0.00259764210526316	0.961421136842105	0.000180547368421053	0.000704168421052632	1.47368421052632e-05	0.000783073684210526	0.0342490947368421	1.43157894736842e-06
PD44890_70_branch_snp	0.000124210526315789	0.0835891368421053	0.879276463157895	0.000284126315789474	0.00447755789473684	3.20842105263158e-05	0.00429170526315789	0.0279245473684211	1.68421052631579e-07
PD44890_71_branch_snp	4.05052631578947e-05	0.175925978947368	0.757627621052632	0.000442778947368421	0.0593859368421053	2.66947368421053e-05	0.00613692631578947	0.000410526315789474	3.03157894736842e-06
PD44890_72_branch_snp	0.000276864543193015	0.228081166772353	0.726404955855812	0.0070716550412175	0.0245898248865909	0.000126823081800888	0.0117166967465002	0.00173123262279889	7.80449734159309e-07
PD44890_73_branch_snp	0.000149578840066527	0.209626374805515	0.634291217339986	0.00104372552175546	0.152200332635871	6.33081173882719e-05	0.00122173936369977	0.00140179194162777	1.93143408981169e-06
PD44890_75_branch_snp	7.75578947368421e-05	0.00966677894736842	0.900094147368421	0.000892378947368421	0.000445642105263158	5.92842105263158e-05	0.00642290526315789	0.0823402105263158	1.09473684210526e-06
PD44890_76_branch_snp	0.000245614035087719	0.0403313840155945	0.678333333333333	0.0018401559454191	0.000906432748538012	7.21247563352826e-05	0.276341130604288	0.00192787524366472	1.94931773879142e-06
PD44890_77_branch_snp	0.000231032125768968	0.0221066302118934	0.674457963089542	0.00155160628844839	0.00126862611073137	3.82775119617225e-05	0.299286397812714	0.00105946684894053	0
PD44890_7_branch_snp	0.000154189473684211	0.0052421052631579	0.948939284210526	0.00240673684210526	0.000228126315789474	0.000147031578947368	0.0168505263157895	0.026032	0
PD44890_84_branch_snp	6.79578947368421e-05	0.0187781052631579	0.901067621052632	0.000183915789473684	0.000317642105263158	1.77684210526316e-05	0.00156421052631579	0.0780026947368421	8.42105263157895e-08
PD44890_85_branch_snp	2.95578947368421e-05	0.00732345263157895	0.856353515789474	0.000121010526315789	0.000172884210526316	1.26315789473684e-05	0.000856757894736842	0.1351296	5.89473684210526e-07
PD44890_86_branch_snp	6.10526315789474e-05	0.0165064421052632	0.972292126315789	0.000960589473684211	0.000714863157894737	0.000105347368421053	0.0052976	0.00406197894736842	0
PD44890_89_branch_snp	6.37693819611269e-05	0.0137925311203319	0.760547717842324	0.000476086481764577	0.00122559510810221	1.74710635509937e-05	0.22334745577637	0.000529373225595108	0
PD44890_8_branch_snp	2.37473684210526e-05	0.00647435789473684	0.97573532631579	0.000211115789473684	0.000459621052631579	8.16842105263158e-06	0.00128151578947368	0.0158053894736842	7.57894736842105e-07
PD44890_91_branch_snp	0.000558704453441296	0.0137341430499325	0.764125506072874	0.00207152496626181	0.0017085020242915	0.000651821862348178	0.202696356275304	0.0144534412955466	0
PD44890_92_branch_snp	4.16842105263158e-05	0.00970821052631579	0.952600842105263	0.000260042105263158	0.000544336842105263	2.24e-05	0.000983242105263158	0.0358383157894737	9.26315789473684e-07
PD44890_94_branch_snp	0.000240673684210526	0.0174071578947368	0.895557305263158	0.000278231578947368	0.000877389473684211	5.10315789473684e-05	0.00147974736842105	0.0841082105263158	2.52631578947368e-07
PD44890_95_branch_snp	0.000163071613459879	0.0110327868852459	0.782210526315789	0.000451251078515962	0.00178515962036238	0.000182916307161346	0.203675582398619	0.000498705780845557	0
PD44890_97_branch_snp	0.000613533834586466	0.0524992481203008	0.90931328320802	0.00112481203007519	0.00435889724310777	0.000222556390977444	0.0174115288220551	0.0144561403508772	0
PD44890_9_branch_snp	0.000459452631578947	0.00669886315789474	0.942825263157895	0.00702829473684211	0.00151107368421053	7.22526315789474e-05	0.00514357894736842	0.0362594526315789	1.76842105263158e-06
PD44891_10_branch_snp	0.000729431578947368	0.183659115789474	0.0178965052631579	0.693982989473684	0.042994947368421	0.0488609684210526	0.00722997894736842	0.00464244210526316	3.62105263157895e-06
PD44891_11_branch_snp	0.0113690105263158	0.144226273684211	0.057032	0.688013894736842	0.0619431578947368	0.0166501052631579	0.0152525473684211	0.00550829473684211	4.71578947368421e-06
PD44891_12_branch_snp	0.0087429052631579	0.2130176	0.0386775578947368	0.668148126315789	0.0454631578947368	0.0112183578947368	0.0114122947368421	0.00331023157894737	9.76842105263158e-06
PD44891_13_branch_snp	0.00123898947368421	0.145009768421053	0.0513853473684211	0.64697187368421	0.0750693052631579	0.0669749052631579	0.00375713684210526	0.00957734736842105	1.53263157894737e-05
PD44891_14_branch_snp	0.000645305263157895	0.319859368421053	0.0696634947368421	0.553119831578947	0.0316647578947368	0.00952463157894737	0.0142297263157895	0.00129237894736842	5.05263157894737e-07
PD44891_1_branch_snp	0.00187865263157895	0.125896589473684	0.0205955368421053	0.726534821052632	0.0474513684210526	0.0695530105263158	0.00399233684210526	0.00409296842105263	4.71578947368421e-06
PD44891_21_branch_snp	0.00096140350877193	0.309445614035088	0.0651649122807018	0.585217153996101	0.0108678362573099	0.00635165692007797	0.0209988304093567	0.000987134502923977	5.45808966861598e-06
